<?xml version="1.0" standalone="no"?>
<!DOCTYPE svg PUBLIC "-//W3C//DTD SVG 20010904//EN"
 "http://www.w3.org/TR/2001/REC-SVG-20010904/DTD/svg10.dtd">
<svg version="1.0" xmlns="http://www.w3.org/2000/svg"
 width="1011.000000pt" height="276.000000pt" viewBox="0 0 1011.000000 276.000000"
 preserveAspectRatio="xMidYMid meet">
<metadata>
Created by potrace 1.10, written by Peter Selinger 2001-2011
</metadata>
<g transform="translate(0.000000,276.000000) scale(0.100000,-0.100000)"
fill="#00a33b" stroke="none">
<path d="M1307 2695 c-106 -12 -125 -16 -257 -57 -176 -54 -341 -158 -491
-307 -181 -182 -277 -355 -345 -626 -26 -100 -26 -430 0 -530 33 -130 56 -194
106 -297 116 -239 342 -464 582 -578 76 -36 92 -33 104 23 3 18 9 37 13 42 4
6 17 37 30 70 12 33 27 69 31 80 5 11 35 81 66 155 53 126 79 187 124 285 16
36 17 53 8 160 -10 126 -23 165 -58 165 -21 0 -39 7 -145 55 -128 59 -304 178
-305 206 0 9 17 41 37 72 l36 56 31 -16 c17 -9 45 -26 61 -38 17 -12 66 -39
110 -60 44 -20 87 -41 95 -45 35 -17 139 -42 229 -56 83 -12 108 -12 201 1
154 22 307 80 441 168 36 23 71 41 77 39 14 -4 67 -82 76 -110 5 -14 -3 -26
-31 -48 -21 -15 -40 -30 -43 -34 -37 -41 -324 -190 -368 -190 -35 0 -45 -19
-58 -106 -21 -141 -18 -175 20 -257 18 -40 66 -148 105 -242 40 -93 76 -179
81 -190 8 -18 38 -97 69 -177 9 -25 13 -26 39 -17 106 37 320 197 417 312 28
32 55 64 60 71 40 46 92 136 156 268 28 56 73 220 88 316 22 145 8 384 -31
512 -30 100 -64 188 -92 240 -8 14 -25 46 -38 71 -40 75 -140 199 -227 281
-131 124 -306 228 -466 278 -38 11 -84 26 -102 31 -33 10 -273 39 -308 37 -11
0 -69 -6 -128 -13z m176 -270 c30 -14 70 -42 89 -63 37 -38 78 -107 78 -129 0
-20 -28 -15 -53 8 -48 45 -98 62 -183 62 -90 0 -151 -22 -201 -75 -34 -36 -44
-35 -88 3 -53 47 -145 58 -210 26 -59 -29 -105 -100 -105 -162 0 -26 5 -35 28
-44 60 -25 142 -133 142 -187 0 -21 -25 -17 -51 10 -55 55 -171 76 -239 44
-82 -39 -137 -139 -124 -225 3 -24 10 -46 15 -49 17 -10 9 -53 -15 -79 -75
-81 -73 -264 6 -359 51 -62 96 -78 202 -74 75 2 97 7 123 26 76 54 77 6 1 -63
-100 -90 -236 -111 -352 -54 -80 39 -125 85 -167 169 -29 59 -32 74 -32 155 0
82 3 95 32 148 17 32 42 70 55 84 22 24 22 26 9 66 -20 57 -13 190 13 236 41
75 137 154 195 163 21 3 25 10 30 54 23 188 199 319 381 283 32 -7 61 -16 64
-20 8 -14 36 -11 54 6 74 67 208 85 303 40z m643 -201 c48 -30 105 -87 122
-124 9 -19 21 -62 26 -94 10 -56 13 -61 54 -81 144 -73 221 -214 193 -355 -17
-87 -63 -170 -94 -170 -13 0 -14 12 -10 79 5 62 2 90 -13 132 -34 98 -171 209
-255 209 -24 0 -31 27 -17 71 9 31 8 51 -2 96 -29 118 -125 193 -247 193 -72
0 -83 15 -30 42 44 23 70 27 163 23 56 -2 90 -8 110 -21z m-568 -308 c56 -36
81 -71 98 -136 11 -44 12 -65 4 -80 -17 -31 -38 -24 -49 18 -11 40 -51 72 -91
72 -40 0 -86 -37 -100 -81 -13 -37 -12 -45 6 -78 10 -19 31 -42 47 -49 32 -16
35 -28 7 -37 -54 -17 -147 38 -180 107 -63 130 28 286 168 287 39 1 62 -5 90
-23z"/>
<path d="M4996 2339 c-14 -11 -26 -29 -26 -40 0 -25 34 -59 60 -59 23 0 60 37
60 61 0 16 -44 59 -60 59 -4 0 -19 -9 -34 -21z"/>
<path d="M2996 2323 c-6 -14 16 -23 53 -23 60 0 61 -7 61 -337 l0 -300 -24
-22 c-14 -13 -40 -26 -58 -30 -18 -4 -32 -11 -30 -16 1 -6 121 -10 308 -10
l306 0 28 83 c24 71 25 82 11 82 -9 0 -26 -17 -39 -38 -35 -56 -63 -71 -152
-83 -105 -14 -181 -5 -209 25 -20 21 -21 32 -19 157 l3 134 91 3 c112 3 140
-6 152 -50 4 -18 15 -34 23 -36 11 -2 14 18 14 113 0 92 -3 114 -13 110 -8 -3
-16 -5 -18 -5 -2 0 -4 -8 -4 -18 0 -10 -7 -28 -16 -40 -14 -20 -23 -22 -125
-22 l-110 0 3 148 3 147 100 3 c148 4 203 -15 239 -86 9 -18 22 -32 29 -29 13
4 17 136 4 144 -4 2 -143 5 -307 6 -221 2 -301 -1 -304 -10z"/>
<path d="M9137 2197 c-20 -31 -73 -84 -104 -104 -28 -19 -30 -33 -4 -33 52 0
51 3 51 -221 0 -202 1 -209 23 -232 49 -54 131 -54 205 1 47 35 43 55 -7 35
-51 -20 -87 -11 -111 30 -18 28 -20 51 -20 194 0 194 -1 193 100 193 71 0 85
6 74 34 -5 13 -22 16 -78 16 -43 0 -77 5 -84 12 -7 7 -12 31 -12 55 0 48 -10
54 -33 20z"/>
<path d="M3802 2095 c-62 -26 -84 -45 -63 -53 8 -3 25 -16 38 -30 22 -24 23
-31 23 -197 0 -185 -1 -189 -54 -203 -59 -16 -21 -27 99 -30 107 -2 125 0 125
13 0 8 -9 15 -21 15 -11 0 -29 5 -40 10 -18 10 -19 23 -19 194 0 210 -3 202
92 231 48 16 61 16 88 5 55 -23 59 -38 61 -234 1 -163 0 -181 -17 -193 -10 -7
-26 -13 -37 -13 -10 0 -17 -5 -14 -12 3 -10 36 -13 122 -13 86 0 119 3 123 13
2 7 -6 12 -21 12 -51 0 -57 21 -57 206 -1 199 -8 239 -50 277 -25 22 -39 27
-86 27 -53 0 -135 -27 -149 -50 -3 -5 -17 -10 -30 -10 -18 0 -24 6 -27 27 -4
35 -20 37 -86 8z"/>
<path d="M5010 2105 c-14 -8 -34 -15 -45 -15 -11 0 -27 -5 -35 -10 -13 -9 -10
-15 15 -37 l30 -26 3 -175 c2 -97 1 -186 -2 -198 -4 -15 -17 -26 -36 -31 -64
-17 -28 -28 87 -28 84 0 117 3 121 13 2 7 -6 12 -21 12 -13 0 -30 6 -36 13 -7
9 -12 97 -13 253 -3 231 -4 239 -23 241 -11 2 -31 -4 -45 -12z"/>
<path d="M5330 2099 c-19 -10 -39 -19 -45 -19 -5 0 -18 -7 -29 -15 -18 -13
-17 -15 13 -45 l31 -32 0 -172 c0 -155 -2 -175 -18 -189 -10 -10 -31 -17 -46
-17 -18 0 -26 -5 -24 -12 4 -10 45 -14 151 -16 126 -2 147 0 147 13 0 11 -11
15 -43 15 -73 0 -77 11 -77 193 l0 156 31 36 c35 40 62 44 108 18 36 -21 61
-11 75 30 7 19 5 32 -8 51 -29 45 -95 34 -160 -26 -29 -26 -44 -22 -48 14 -4
39 -14 42 -58 17z"/>
<path d="M5790 2089 c-59 -32 -77 -51 -111 -114 -33 -60 -33 -202 0 -265 43
-84 88 -116 194 -139 125 -27 247 32 306 148 32 61 30 204 -3 269 -47 92 -122
132 -248 132 -73 0 -89 -4 -138 -31z m200 -19 c82 -42 124 -168 101 -301 -11
-62 -19 -77 -55 -115 -41 -43 -44 -44 -105 -44 -60 0 -65 2 -101 38 -105 105
-92 341 23 415 49 32 84 34 137 7z"/>
<path d="M6400 2110 c-8 -6 -35 -15 -58 -22 -57 -14 -63 -34 -23 -65 l31 -24
0 -184 c0 -172 -1 -185 -19 -195 -11 -5 -29 -10 -41 -10 -13 0 -20 -5 -17 -12
5 -16 247 -19 247 -3 0 6 -12 13 -26 17 -53 14 -54 17 -54 207 1 200 -3 189
92 226 57 21 90 15 129 -25 l29 -28 0 -174 c0 -95 -4 -179 -9 -186 -4 -7 -21
-16 -37 -21 -59 -15 -21 -26 93 -26 84 0 117 3 121 13 2 7 -6 12 -21 12 -13 0
-29 6 -35 13 -6 7 -12 90 -15 197 -2 102 -9 201 -15 220 -27 82 -131 104 -238
50 -77 -39 -94 -39 -94 0 0 31 -13 38 -40 20z"/>
<path d="M7025 2108 c-10 -6 -33 -14 -49 -17 -39 -8 -42 -22 -11 -55 25 -27
25 -28 25 -215 0 -198 -3 -211 -47 -211 -14 0 -23 -6 -23 -15 0 -13 18 -15
123 -13 119 3 152 13 93 29 -16 5 -33 14 -37 21 -5 7 -9 92 -9 189 0 195 -3
188 73 222 73 33 137 14 156 -46 13 -43 17 -337 5 -360 -6 -10 -22 -21 -37
-25 -15 -4 -27 -11 -27 -17 0 -16 242 -13 248 3 2 7 -5 12 -18 12 -12 0 -30 5
-41 10 -18 10 -19 23 -19 194 0 203 -3 195 73 229 73 33 121 18 156 -50 12
-23 16 -328 5 -357 -3 -8 -21 -18 -40 -22 -19 -3 -34 -12 -34 -20 0 -11 25
-14 125 -14 104 0 125 2 125 15 0 8 -8 15 -18 15 -10 0 -28 7 -40 16 -21 15
-22 20 -22 206 0 176 -2 193 -21 224 -31 50 -56 64 -117 64 -53 0 -102 -16
-154 -52 -36 -25 -45 -23 -82 17 -31 33 -37 35 -97 35 -52 0 -74 -6 -118 -30
-69 -38 -81 -38 -81 0 0 25 -4 30 -22 30 -13 0 -32 -6 -43 -12z"/>
<path d="M8018 2090 c-133 -85 -168 -304 -71 -440 51 -70 134 -99 222 -75 28
7 60 19 69 26 33 25 92 83 92 91 0 17 -32 7 -72 -22 -56 -41 -133 -43 -183 -4
-46 35 -73 84 -84 152 -14 92 -17 91 172 94 l162 3 3 27 c5 40 -33 113 -75
145 -31 24 -47 28 -112 31 -70 2 -80 0 -123 -28z m158 -19 c20 -12 37 -34 44
-56 19 -58 6 -65 -116 -65 l-104 0 0 26 c0 32 32 74 73 96 42 22 65 22 103 -1z"/>
<path d="M8527 2114 c-3 -4 -30 -14 -59 -24 -56 -18 -76 -47 -41 -56 43 -12
53 -52 53 -221 0 -172 -4 -188 -52 -201 -15 -4 -28 -11 -28 -17 0 -16 242 -13
248 3 2 7 -5 12 -18 12 -12 0 -30 5 -41 10 -18 10 -19 23 -19 194 0 206 -3
199 80 229 57 21 74 21 108 0 51 -33 52 -36 49 -233 l-2 -185 -31 -10 c-63
-20 -35 -30 88 -30 88 0 122 3 126 13 2 7 -6 12 -22 12 -14 0 -34 10 -46 22
-19 20 -20 34 -20 219 l0 198 -34 35 c-31 33 -38 36 -92 36 -47 0 -72 -7 -117
-30 -72 -37 -85 -37 -89 -3 -3 26 -26 42 -41 27z"/>
<path d="M4290 2095 c0 -9 8 -18 18 -22 40 -14 58 -41 107 -163 10 -25 27 -65
37 -90 11 -25 23 -54 27 -65 54 -130 86 -195 95 -192 11 3 46 69 75 138 18 44
50 118 61 144 5 11 19 43 30 70 49 114 56 124 93 145 59 34 43 45 -66 48 -83
2 -97 0 -97 -13 0 -9 14 -21 30 -26 43 -15 39 -43 -21 -185 -72 -168 -80 -173
-114 -79 -9 28 -23 64 -30 80 -51 120 -59 147 -49 163 6 9 21 18 33 20 13 2
21 11 21 23 0 18 -8 19 -125 19 -106 0 -125 -2 -125 -15z"/>
<path d="M3335 1308 c-39 -29 -45 -38 -45 -70 0 -15 -7 -44 -16 -65 -37 -85
-45 -103 -89 -213 -25 -63 -50 -124 -55 -135 -5 -11 -25 -59 -45 -107 -36 -85
-62 -115 -109 -128 -11 -3 -21 -11 -24 -18 -3 -9 31 -12 137 -12 119 0 141 2
141 15 0 11 -11 15 -40 15 -59 0 -74 27 -55 100 22 89 41 133 61 141 11 4 74
8 141 8 122 1 123 1 140 -26 18 -27 30 -57 60 -145 19 -56 10 -75 -40 -80 -18
-2 -31 -7 -30 -13 2 -6 64 -11 153 -13 129 -2 150 0 150 13 0 9 -9 15 -22 15
-48 1 -71 34 -133 185 -20 50 -40 99 -45 110 -8 18 -28 66 -62 145 -5 14 -16
39 -23 55 -7 17 -29 71 -49 120 -56 138 -55 136 -101 103z m11 -165 c3 -10 26
-66 51 -125 25 -59 43 -114 39 -123 -4 -12 -25 -15 -103 -15 -54 0 -104 4
-112 9 -11 7 -6 28 28 113 22 58 41 111 41 119 0 35 46 52 56 22z"/>
<path d="M3922 1074 c-76 -38 -98 -83 -93 -192 1 -24 13 -46 47 -82 l46 -49
-30 -15 c-74 -38 -83 -87 -26 -134 31 -26 34 -32 25 -51 -7 -12 -18 -21 -25
-21 -8 0 -26 -14 -40 -31 -35 -42 -36 -106 -1 -147 58 -69 251 -84 367 -28 83
39 138 115 138 190 0 52 -33 99 -77 111 -16 4 -90 10 -165 13 -121 6 -139 9
-152 27 -20 27 -20 37 4 63 17 18 27 20 67 16 83 -10 184 41 218 110 18 35 20
117 3 134 -14 14 9 24 61 26 32 1 36 4 39 29 l3 27 -73 0 c-40 0 -91 7 -113
15 -67 24 -163 19 -223 -11z m174 -29 c44 -33 63 -112 44 -179 -14 -51 -21
-59 -72 -80 -32 -14 -38 -13 -75 5 -68 33 -93 131 -53 209 37 73 97 90 156 45z
m88 -501 c19 -10 42 -32 52 -49 15 -28 16 -37 4 -64 -43 -104 -258 -138 -333
-53 -10 11 -21 38 -24 59 -6 45 21 86 71 108 45 20 187 19 230 -1z"/>
<path d="M4509 1080 c-52 -27 -96 -74 -121 -128 -31 -70 -31 -221 1 -283 32
-63 67 -96 119 -114 87 -29 160 -13 233 53 49 44 62 72 34 72 -8 0 -15 -4 -15
-9 0 -21 -76 -54 -125 -54 -93 -2 -163 72 -178 186 -12 86 -10 87 173 87 116
0 159 3 162 12 3 7 1 33 -4 57 -9 50 -51 101 -104 126 -44 21 -131 19 -175 -5z
m134 -31 c25 -11 57 -57 57 -82 0 -36 -28 -47 -124 -47 -72 0 -97 4 -106 15
-17 20 1 55 47 96 36 31 82 38 126 18z"/>
<path d="M4985 1087 c-11 -6 -40 -18 -64 -27 -49 -16 -63 -36 -34 -47 48 -18
52 -38 53 -218 0 -93 -4 -176 -9 -183 -5 -8 -23 -17 -40 -20 -69 -14 -28 -27
94 -30 107 -2 125 0 125 13 0 8 -9 15 -21 15 -11 0 -29 5 -40 10 -18 10 -19
23 -19 193 0 178 1 183 23 197 57 37 126 49 170 29 46 -21 52 -44 55 -214 4
-181 -3 -212 -45 -217 -15 -2 -28 -7 -28 -13 0 -6 49 -11 123 -13 104 -2 122
0 122 13 0 10 -10 15 -29 15 -17 0 -33 6 -38 13 -4 6 -10 102 -13 212 -6 217
-10 233 -63 265 -50 31 -111 26 -192 -15 -38 -20 -72 -32 -76 -28 -4 5 -9 19
-11 32 -4 29 -16 34 -43 18z"/>
<path d="M5681 1082 c-57 -22 -124 -87 -151 -148 -33 -72 -33 -203 1 -263 33
-59 84 -99 150 -116 47 -13 61 -12 114 1 33 9 76 28 95 42 78 59 85 100 11 61
-65 -34 -106 -39 -164 -22 -98 28 -137 89 -137 213 0 84 17 129 66 172 53 46
142 37 189 -19 31 -38 58 -42 79 -12 19 28 3 65 -37 86 -46 23 -163 26 -216 5z"/>
<path d="M5994 1081 c-12 -13 0 -30 26 -40 23 -8 36 -22 51 -58 11 -26 24 -57
29 -68 5 -11 25 -63 45 -115 20 -52 40 -104 44 -115 47 -112 45 -102 26 -147
-51 -122 -59 -133 -97 -133 -47 -1 -68 -20 -68 -61 0 -42 34 -63 77 -48 30 10
52 49 118 209 45 106 75 178 90 210 7 17 30 71 50 120 66 159 85 193 117 204
20 7 28 16 26 27 -2 14 -16 17 -86 17 -99 0 -118 -12 -68 -41 40 -24 42 -28
22 -74 -30 -70 -75 -184 -81 -205 -4 -15 -14 -23 -28 -23 -18 0 -25 11 -40 58
-10 31 -25 73 -34 92 -8 19 -21 50 -29 68 -20 47 -18 82 5 82 22 0 43 22 33
35 -7 10 -219 15 -228 6z"/>
<path d="M1430 773 c-35 -65 -191 -382 -239 -486 -17 -37 -29 -72 -26 -76 5
-9 19 -12 183 -31 78 -10 125 -10 200 -1 130 15 203 28 214 39 6 6 -1 33 -15
68 -45 105 -268 544 -277 544 -5 0 -23 -26 -40 -57z"/>
</g>
</svg>
